# This is a network file
# p connector_id coordinate_x coordinate_y
# c segment_id p_from p_to v_max(kmh) length(m)
p 0 4080.00 1280.00
p 1 4260.00 1280.00
p 2 5770.00 1300.00
p 3 5820.00 1280.00
p 4 6390.00 1280.00
p 5 6520.00 1280.00
p 6 3530.00 1280.00
p 7 3550.00 1300.00
p 8 3570.00 1320.00
p 9 3620.00 1320.00
p 10 3700.00 1280.00
p 11 4540.00 1280.00
p 12 4750.00 1280.00
p 13 5970.00 1260.00
p 14 5990.00 1280.00
p 15 5740.00 1280.00
p 16 5800.00 1260.00
p 17 5240.00 1320.00
p 18 5280.00 1320.00
p 19 5300.00 1300.00
p 20 5400.00 1280.00
p 21 5090.00 1280.00
p 22 6810.00 1280.00
p 23 6920.00 1280.00
p 24 6560.00 1280.00
p 25 6960.00 1280.00
p 26 3740.00 1280.00
p 27 4300.00 1280.00
p 28 4500.00 1280.00
p 29 4790.00 1280.00
p 30 5050.00 1280.00
p 31 5440.00 1280.00
p 32 6030.00 1280.00
p 33 4040.00 1280.00
p 34 6350.00 1280.00
p 35 6780.00 1280.00
p 36 7000.00 1280.00
p 37 5700.00 1280.00
p 38 3205.00 1280.00
p 39 3494.60 1280.00
c 0 0 1 100 436.00
c 1 2 3 35.0 159.00
c 2 4 5 100 489.00
c 3 6 7 100 47.00
c 4 7 8 100 57.00
c 5 8 9 40.0 92.00
c 6 7 10 100 439.00
c 7 11 12 100 448.00
c 8 13 14 100 41.00
c 9 15 16 100 163.00
c 10 16 13 100 445.00
c 11 17 18 40.0 100.00
c 12 18 19 100 51.00
c 13 19 20 100 353.00
c 14 21 19 100 517.00
c 15 22 23 100 379.00
c 16 16 13 100 445.00
c 17 4 5 70.0 489.00
c 18 5 24 100 451.00
c 19 22 23 100 379.00
c 20 23 25 100 420.00
c 21 6 10 100 486.00
c 22 10 26 60.0 457.00
c 23 27 28 80.0 6236.00
c 24 11 12 100.0 448.00
c 25 12 29 80.0 459.00
c 26 29 30 80.0 7388.00
c 27 21 20 50.0 870.00
c 28 20 31 100 403.00
c 29 15 3 100 240.00
c 30 3 14 100 409.00
c 31 14 32 60.0 400.00
c 32 33 0 90.0 809.00
c 33 0 1 80.0 436.00
c 34 1 27 50.0 405.00
c 35 34 4 100.0 380.00
c 36 24 35 80.0 16358.00
c 37 35 22 100 593.00
c 38 25 36 80.0 2254.00
c 39 26 33 90.0 5350.00
c 40 28 11 100 405.00
c 41 30 21 80.0 476.00
c 42 31 37 100.0 8481.00
c 43 37 15 75.0 412.00
c 44 32 34 100.0 13689.00
c 45 38 39 60.0 4547.00
c 46 39 6 100.0 399.00

